xof 0303txt 0032
template ColorRGBA {
 <35ff44e0-6c7c-11cf-8f52-0040333594a3>
 FLOAT red;
 FLOAT green;
 FLOAT blue;
 FLOAT alpha;
}

template ColorRGB {
 <d3e16e81-7835-11cf-8f52-0040333594a3>
 FLOAT red;
 FLOAT green;
 FLOAT blue;
}

template Material {
 <3d82ab4d-62da-11cf-ab39-0020af71e433>
 ColorRGBA faceColor;
 FLOAT power;
 ColorRGB specularColor;
 ColorRGB emissiveColor;
 [...]
}

template TextureFilename {
 <a42790e1-7810-11cf-8f52-0040333594a3>
 STRING filename;
}

template Frame {
 <3d82ab46-62da-11cf-ab39-0020af71e433>
 [...]
}

template Matrix4x4 {
 <f6f23f45-7686-11cf-8f52-0040333594a3>
 array FLOAT matrix[16];
}

template FrameTransformMatrix {
 <f6f23f41-7686-11cf-8f52-0040333594a3>
 Matrix4x4 frameMatrix;
}

template Vector {
 <3d82ab5e-62da-11cf-ab39-0020af71e433>
 FLOAT x;
 FLOAT y;
 FLOAT z;
}

template MeshFace {
 <3d82ab5f-62da-11cf-ab39-0020af71e433>
 DWORD nFaceVertexIndices;
 array DWORD faceVertexIndices[nFaceVertexIndices];
}

template Mesh {
 <3d82ab44-62da-11cf-ab39-0020af71e433>
 DWORD nVertices;
 array Vector vertices[nVertices];
 DWORD nFaces;
 array MeshFace faces[nFaces];
 [...]
}

template MeshNormals {
 <f6f23f43-7686-11cf-8f52-0040333594a3>
 DWORD nNormals;
 array Vector normals[nNormals];
 DWORD nFaceNormals;
 array MeshFace faceNormals[nFaceNormals];
}

template MeshMaterialList {
 <f6f23f42-7686-11cf-8f52-0040333594a3>
 DWORD nMaterials;
 DWORD nFaceIndexes;
 array DWORD faceIndexes[nFaceIndexes];
 [Material <3d82ab4d-62da-11cf-ab39-0020af71e433>]
}

template Coords2d {
 <f6f23f44-7686-11cf-8f52-0040333594a3>
 FLOAT u;
 FLOAT v;
}

template MeshTextureCoords {
 <f6f23f40-7686-11cf-8f52-0040333594a3>
 DWORD nTextureCoords;
 array Coords2d textureCoords[nTextureCoords];
}

template XSkinMeshHeader {
 <3cf169ce-ff7c-44ab-93c0-f78f62d172e2>
 WORD nMaxSkinWeightsPerVertex;
 WORD nMaxSkinWeightsPerFace;
 WORD nBones;
}

template SkinWeights {
 <6f0d123b-bad2-4167-a0d0-80224f25fabb>
 STRING transformNodeName;
 DWORD nWeights;
 array DWORD vertexIndices[nWeights];
 array FLOAT weights[nWeights];
 Matrix4x4 matrixOffset;
}

template AnimTicksPerSecond {
 <9e415a43-7ba6-4a73-8743-b73d47e88476>
 DWORD AnimTicksPerSecond;
}

template Animation {
 <3d82ab4f-62da-11cf-ab39-0020af71e433>
 [...]
}

template AnimationSet {
 <3d82ab50-62da-11cf-ab39-0020af71e433>
 [Animation <3d82ab4f-62da-11cf-ab39-0020af71e433>]
}

template FloatKeys {
 <10dd46a9-775b-11cf-8f52-0040333594a3>
 DWORD nValues;
 array FLOAT values[nValues];
}

template TimedFloatKeys {
 <f406b180-7b3b-11cf-8f52-0040333594a3>
 DWORD time;
 FloatKeys tfkeys;
}

template AnimationKey {
 <10dd46a8-775b-11cf-8f52-0040333594a3>
 DWORD keyType;
 DWORD nKeys;
 array TimedFloatKeys keys[nKeys];
}


Material Material__102 {
 1.000000;1.000000;1.000000;1.000000;;
 10.000000;
 0.000000;0.000000;0.000000;;
 0.000000;0.000000;0.000000;;

 TextureFilename {
  "Alice_DM.tga";
 }
}

Material Material__103 {
 1.000000;1.000000;1.000000;1.000000;;
 10.000000;
 0.000000;0.000000;0.000000;;
 0.000000;0.000000;0.000000;;

 TextureFilename {
  "Alice_Hysteria_Eye_DM.tga";
 }
}

Frame Bip01 {
 

 FrameTransformMatrix {
  -0.191336,0.000000,-0.981525,0.000000,-0.004369,0.999990,0.000852,0.000000,0.981515,0.004452,-0.191334,0.000000,0.000011,4.388223,0.000000,1.000000;;
 }

 Frame Bip01-Pelvis {
  

  FrameTransformMatrix {
   0.034062,0.998953,0.030556,0.000000,0.000843,-0.030602,0.999531,0.000000,0.999420,-0.034020,-0.001885,0.000000,-0.012201,0.000000,0.000000,1.000000;;
  }

  Frame Bip01-Spine {
   

   FrameTransformMatrix {
    0.999549,0.016082,0.025360,0.000000,-0.016082,0.999871,-0.000192,0.000000,-0.025360,-0.000216,0.999678,0.000000,0.819497,0.000001,0.067702,1.000000;;
   }

   Frame Bip01-Spine1 {
    

    FrameTransformMatrix {
     0.996679,-0.029951,0.075731,0.000000,0.016968,0.985880,0.166592,0.000000,-0.079652,-0.164754,0.983113,0.000000,0.475346,0.000000,-0.000339,1.000000;;
    }

    Frame Bip01-Spine2 {
     

     FrameTransformMatrix {
      0.998701,0.015803,-0.048439,0.000000,-0.011170,0.995466,0.094463,0.000000,0.049712,-0.093799,0.994350,0.000000,0.426664,0.000000,-0.000372,1.000000;;
     }

     Frame Bip01-Neck {
      

      FrameTransformMatrix {
       0.995047,-0.089161,0.043969,0.000000,0.072492,0.953419,0.292809,0.000000,-0.068028,-0.288171,0.955160,0.000000,0.600948,0.000000,-0.036796,1.000000;;
      }

      Frame Bip01-Head {
       

       FrameTransformMatrix {
        0.992255,-0.047163,-0.114915,0.000000,-0.045820,0.720909,-0.691513,0.000000,0.115457,0.691423,0.713165,0.000000,0.430326,-0.000000,0.000000,1.000000;;
       }

       Frame Bip01-HeadNub {
        

        FrameTransformMatrix {
         1.000000,0.000000,0.000000,0.000000,-0.000000,1.000000,-0.000000,0.000000,-0.000000,0.000000,1.000000,0.000000,1.045480,0.000000,0.000000,1.000000;;
        }
       }

       Frame Bone_Hair_RF1 {
        

        FrameTransformMatrix {
         -0.999926,-0.004476,0.011277,0.000000,-0.004480,0.999990,-0.000318,0.000000,-0.011276,-0.000369,-0.999936,0.000000,0.596787,-0.414355,0.148167,1.000000;;
        }

        Frame Bone_Hair_RF2 {
         

         FrameTransformMatrix {
          0.999646,-0.026616,0.000668,0.000000,0.026619,0.999637,-0.004316,0.000000,-0.000553,0.004333,0.999991,0.000000,0.495820,-0.000001,-0.000394,1.000000;;
         }

         Frame Bone_Hair_RF3 {
          

          FrameTransformMatrix {
           0.998607,0.011510,0.051498,0.000000,-0.011455,0.999934,-0.001368,0.000000,-0.051510,0.000776,0.998672,0.000000,0.495822,-0.000001,-0.000394,1.000000;;
          }

          Frame Bip01-Bone_Hair_RFNub {
           

           FrameTransformMatrix {
            0.000796,0.000299,1.000000,0.000000,-0.000296,-1.000000,0.000299,0.000000,1.000000,-0.000296,-0.000796,0.000000,0.495851,0.000000,-0.000000,1.000000;;
           }
          }
         }
        }
       }

       Frame Bone_Hair_LF1 {
        

        FrameTransformMatrix {
         -0.999530,0.028517,0.011259,0.000000,0.028519,0.999593,0.000018,0.000000,-0.011254,0.000339,-0.999936,0.000000,0.596788,0.414355,0.148187,1.000000;;
        }

        Frame Bone_Hair_LF2 {
         

         FrameTransformMatrix {
          0.975631,-0.049914,-0.213665,0.000000,-0.019246,0.950561,-0.309942,0.000000,0.218572,0.306502,0.926436,0.000000,0.524344,0.000001,-0.000416,1.000000;;
         }

         Frame Bone_Hair_LF3 {
          

          FrameTransformMatrix {
           0.996691,-0.026268,-0.076920,0.000000,-0.057406,0.442471,-0.894944,0.000000,0.057543,0.896398,0.439499,0.000000,0.524344,0.000001,-0.000416,1.000000;;
          }

          Frame Bip01-Bone_Hair_LFNub {
           

           FrameTransformMatrix {
            0.000796,0.000508,1.000000,0.000000,-0.000505,-1.000000,0.000509,0.000000,1.000000,-0.000506,-0.000796,0.000000,0.524376,-0.000000,-0.000000,1.000000;;
           }
          }
         }
        }
       }

       Frame Bone_Hair_RB1 {
        

        FrameTransformMatrix {
         -0.999755,0.000000,0.022149,0.000000,-0.000000,1.000000,-0.000006,0.000000,-0.022149,-0.000006,-0.999755,0.000000,0.567968,-0.430849,-0.239106,1.000000;;
        }

        Frame Bone_Hair_RB2 {
         

         FrameTransformMatrix {
          0.877282,0.138416,0.459583,0.000000,-0.128240,0.990301,-0.053464,0.000000,-0.462526,-0.012034,0.886524,0.000000,0.342952,0.000001,-0.000372,1.000000;;
         }

         Frame Bone_Hair_RB3 {
          

          FrameTransformMatrix {
           0.982206,0.147243,-0.116583,0.000000,-0.160147,0.980904,-0.110363,0.000000,0.098107,0.127070,0.987030,0.000000,0.471110,-0.000002,-0.000314,1.000000;;
          }

          Frame Bone_Hair_RB4 {
           

           FrameTransformMatrix {
            0.992603,-0.054789,-0.108344,0.000000,0.055085,0.998482,-0.000269,0.000000,0.108194,-0.005701,0.994113,0.000000,0.398908,0.000002,-0.000313,1.000000;;
           }

           Frame Bip01-Bone_Hair_RBNub {
            

            FrameTransformMatrix {
             0.000796,0.000654,1.000000,0.000000,-0.000651,-1.000000,0.000654,0.000000,1.000000,-0.000651,-0.000796,0.000000,0.395141,0.000000,0.000000,1.000000;;
            }
           }
          }
         }
        }
       }

       Frame Bone_Hair_LB1 {
        

        FrameTransformMatrix {
         -0.999755,0.000000,0.022149,0.000000,-0.000000,1.000000,-0.000006,0.000000,-0.022149,-0.000006,-0.999755,0.000000,0.567968,0.430847,-0.239108,1.000000;;
        }

        Frame Bone_Hair_LB2 {
         

         FrameTransformMatrix {
          0.991841,-0.031239,0.123596,0.000000,0.031135,0.999511,0.002775,0.000000,-0.123623,0.001096,0.992329,0.000000,0.342951,-0.000000,-0.000372,1.000000;;
         }

         Frame Bone_Hair_LB3 {
          

          FrameTransformMatrix {
           0.998875,-0.047039,-0.006050,0.000000,0.047173,0.998591,0.024294,0.000000,0.004898,-0.024552,0.999687,0.000000,0.471111,0.000001,-0.000314,1.000000;;
          }

          Frame Bone_Hair_LB4 {
           

           FrameTransformMatrix {
            0.997693,0.055051,-0.039727,0.000000,-0.055084,0.998482,0.000269,0.000000,0.039681,0.001920,0.999211,0.000000,0.398908,-0.000002,-0.000313,1.000000;;
           }

           Frame Bip01-Bone_Hair_LBNub {
            

            FrameTransformMatrix {
             0.000796,0.000508,1.000000,0.000000,-0.000505,-1.000000,0.000509,0.000000,1.000000,-0.000506,-0.000796,0.000000,0.395142,0.000000,0.000000,1.000000;;
            }
           }
          }
         }
        }
       }

       Frame Bone_Hair_B1 {
        

        FrameTransformMatrix {
         -0.997553,-0.042784,-0.055302,0.000000,-0.042637,0.999083,-0.003831,0.000000,0.055416,-0.001464,-0.998462,0.000000,0.579331,0.000001,-0.541360,1.000000;;
        }

        Frame Bone_Hair_B2 {
         

         FrameTransformMatrix {
          0.990901,0.134087,-0.011666,0.000000,-0.134567,0.988701,-0.066050,0.000000,0.002678,0.067019,0.997748,0.000000,0.445706,0.000000,-0.000355,1.000000;;
         }

         Frame Bone_Hair_B3 {
          

          FrameTransformMatrix {
           0.998116,0.061305,-0.002317,0.000000,-0.061301,0.998118,0.001674,0.000000,0.002416,-0.001529,0.999996,0.000000,0.445709,0.000000,-0.000355,1.000000;;
          }

          Frame Bone_Hair_B4 {
           

           FrameTransformMatrix {
            0.987493,-0.155474,-0.026167,0.000000,0.155417,0.987840,-0.004244,0.000000,0.026508,0.000124,0.999649,0.000000,0.445697,0.000000,-0.000355,1.000000;;
           }

           Frame Bip01-Bone_Hair_BNub {
            

            FrameTransformMatrix {
             0.000796,0.000299,1.000000,0.000000,-0.000296,-1.000000,0.000299,0.000000,1.000000,-0.000296,-0.000796,0.000000,0.445701,-0.000000,0.000000,1.000000;;
            }
           }
          }
         }
        }
       }

       Frame Facial_Eye_R {
        

        FrameTransformMatrix {
         0.057947,-0.164922,0.984603,0.000000,-0.010941,-0.986306,-0.164563,0.000000,0.998260,-0.001237,-0.058958,0.000000,0.422054,-0.176399,0.336568,1.000000;;
        }

        Frame Bip01-Facial_Eye_RNub {
         

         FrameTransformMatrix {
          0.000796,0.000508,1.000000,0.000000,-0.000506,-1.000000,0.000509,0.000000,1.000000,-0.000506,-0.000796,0.000000,0.342904,-0.000000,-0.000001,1.000000;;
         }
        }
       }

       Frame Facial_Eye_L {
        

        FrameTransformMatrix {
         0.057948,0.164925,0.984602,0.000000,0.010941,-0.986306,0.164566,0.000000,0.998260,0.001236,-0.058959,0.000000,0.422055,0.176400,0.336567,1.000000;;
        }

        Frame Bip01-Facial_Eye_LNub {
         

         FrameTransformMatrix {
          0.000796,0.000508,1.000000,0.000000,-0.000506,-1.000000,0.000509,0.000000,1.000000,-0.000506,-0.000796,0.000000,0.342904,0.000000,0.000000,1.000000;;
         }
        }
       }

       Frame Facial_EyeLids {
        

        FrameTransformMatrix {
         -0.000797,0.000003,1.000000,0.000000,-0.000007,1.000000,-0.000003,0.000000,-1.000000,-0.000007,-0.000797,0.000000,0.422055,0.574438,0.336567,1.000000;;
        }

        Frame Bip01-Facial_EyeLidsNub {
         

         FrameTransformMatrix {
          0.000796,0.000508,1.000000,0.000000,-0.000505,-1.000000,0.000509,0.000000,1.000000,-0.000506,-0.000796,0.000000,0.342904,0.000000,0.000000,1.000000;;
         }
        }
       }

       Frame Facial_Jaw {
        

        FrameTransformMatrix {
         -0.224840,0.000006,0.974396,0.000000,-0.000009,1.000000,-0.000008,0.000000,-0.974396,-0.000010,-0.224840,0.000000,0.073177,0.574438,0.298253,1.000000;;
        }

        Frame Bip01-Facial_JawNub {
         

         FrameTransformMatrix {
          0.000796,0.000299,1.000000,0.000000,-0.000296,-1.000000,0.000299,0.000000,1.000000,-0.000296,-0.000796,0.000000,0.342904,-0.000000,0.000001,1.000000;;
         }
        }

        Frame Facial_Lip_Bottom {
         

         FrameTransformMatrix {
          0.000000,0.000003,1.000000,0.000000,-0.000003,1.000000,-0.000003,0.000000,-1.000000,-0.000003,0.000000,0.000000,0.199266,-0.574439,-0.032327,1.000000;;
         }

         Frame Bip01-Facial_Lip_BottomNub {
          

          FrameTransformMatrix {
           0.000796,0.000508,1.000000,0.000000,-0.000505,-1.000000,0.000509,0.000000,0.999999,-0.000506,-0.000796,0.000000,0.053731,0.000000,0.000000,1.000000;;
          }
         }

         Frame Facial_Lip_Bottom_L1 {
          

          FrameTransformMatrix {
           0.173980,0.892203,0.416778,0.000000,-0.984749,0.157378,0.074173,0.000000,0.000586,-0.423327,0.905977,0.000000,-0.021003,0.000046,-0.012462,1.000000;;
          }

          Frame Bip01-Facial_Lip_Bottom_LNub {
           

           FrameTransformMatrix {
            0.000796,0.000508,1.000000,0.000000,-0.000505,-1.000000,0.000509,0.000000,1.000000,-0.000506,-0.000796,0.000000,0.067930,0.000000,0.000000,1.000000;;
           }
          }
         }

         Frame Facial_Lip_Bottom_R1 {
          

          FrameTransformMatrix {
           0.173980,-0.892201,0.416783,0.000000,0.984749,0.157379,-0.074169,0.000000,0.000581,0.423331,0.905975,0.000000,-0.021002,-0.000000,-0.012462,1.000000;;
          }

          Frame Bip01-Facial_Lip_Bottom_RNub {
           

           FrameTransformMatrix {
            0.000796,0.000299,1.000000,0.000000,-0.000296,-1.000000,0.000299,0.000000,1.000000,-0.000296,-0.000796,0.000000,0.067930,0.000000,0.000000,1.000000;;
           }
          }
         }
        }
       }
      }
     }

     Frame Bip01-L-Clavicle {
      

      FrameTransformMatrix {
       -0.363101,0.930512,0.048018,0.000000,0.931750,0.362663,0.017848,0.000000,-0.000806,0.051221,-0.998687,0.000000,0.443726,0.146323,-0.000416,1.000000;;
      }

      Frame Bip01-L-UpperArm {
       

       FrameTransformMatrix {
        0.664811,-0.744380,0.062642,0.000000,0.738723,0.667577,0.092897,0.000000,-0.110969,-0.015484,0.993703,0.000000,0.216890,0.000000,-0.000000,1.000000;;
       }

       Frame Bip01-L-Forearm {
        

        FrameTransformMatrix {
         0.919677,0.000000,-0.392677,0.000000,-0.000000,1.000000,-0.000000,0.000000,0.392677,0.000000,0.919677,0.000000,1.179170,0.000000,0.000000,1.000000;;
        }

        Frame Bip01-L-Hand {
         

         FrameTransformMatrix {
          0.932684,0.209966,-0.293284,0.000000,0.199979,0.375679,0.904916,0.000000,0.300183,-0.902651,0.308401,0.000000,0.919963,-0.000000,0.000000,1.000000;;
         }

         Frame Bip01-L-Finger0 {
          

          FrameTransformMatrix {
           0.659200,-0.549120,0.513733,0.000000,0.415768,-0.303103,-0.857476,0.000000,0.626572,0.778842,0.028500,0.000000,0.093264,-0.070586,0.050847,1.000000;;
          }

          Frame Bip01-L-Finger01 {
           

           FrameTransformMatrix {
            0.966767,-0.000000,0.255658,0.000000,0.000000,1.000000,0.000000,0.000000,-0.255658,-0.000000,0.966767,0.000000,0.155816,0.000000,0.000000,1.000000;;
           }

           Frame Bip01-L-Finger02 {
            

            FrameTransformMatrix {
             0.929729,0.000000,0.368246,0.000000,-0.000000,1.000000,-0.000000,0.000000,-0.368245,0.000000,0.929729,0.000000,0.147680,0.000000,0.000000,1.000000;;
            }

            Frame Bip01-L-Finger0Nub {
             

             FrameTransformMatrix {
              1.000000,0.000000,0.000000,0.000000,0.000000,1.000000,0.000000,0.000000,0.000000,0.000000,1.000000,0.000000,0.143774,0.000000,0.000000,1.000000;;
             }
            }
           }
          }
         }

         Frame Bip01-L-Finger1 {
          

          FrameTransformMatrix {
           0.959942,0.034294,0.278091,0.000000,-0.025196,0.999026,-0.036225,0.000000,-0.279062,0.027767,0.959871,0.000000,0.422848,-0.111035,0.015128,1.000000;;
          }

          Frame Bip01-L-Finger11 {
           

           FrameTransformMatrix {
            0.984690,-0.000000,0.174316,0.000000,0.000000,1.000000,-0.000000,0.000000,-0.174316,-0.000000,0.984690,0.000000,0.123762,0.000000,0.000000,1.000000;;
           }

           Frame Bip01-L-Finger12 {
            

            FrameTransformMatrix {
             0.993090,0.000000,0.117354,0.000000,-0.000000,1.000000,0.000000,0.000000,-0.117354,-0.000000,0.993090,0.000000,0.093147,0.000000,0.000000,1.000000;;
            }

            Frame Bip01-L-Finger1Nub {
             

             FrameTransformMatrix {
              1.000000,0.000000,-0.000000,0.000000,0.000000,1.000000,0.000000,0.000000,0.000000,-0.000000,1.000000,0.000000,0.119648,-0.000000,0.000000,1.000000;;
             }
            }
           }
          }
         }

         Frame Bip01-L-Finger2 {
          

          FrameTransformMatrix {
           0.836564,0.009507,0.547787,0.000000,-0.029708,0.999166,0.028028,0.000000,-0.547063,-0.039721,0.836148,0.000000,0.429438,-0.035862,-0.007352,1.000000;;
          }

          Frame Bip01-L-Finger21 {
           

           FrameTransformMatrix {
            0.960542,-0.000000,0.278136,0.000000,0.000000,1.000000,0.000000,0.000000,-0.278136,0.000000,0.960542,0.000000,0.121388,0.000000,0.000000,1.000000;;
           }

           Frame Bip01-L-Finger22 {
            

            FrameTransformMatrix {
             0.981292,0.000000,0.192528,0.000000,-0.000000,1.000000,-0.000000,0.000000,-0.192528,-0.000000,0.981292,0.000000,0.121717,0.000000,-0.000000,1.000000;;
            }

            Frame Bip01-L-Finger2Nub {
             

             FrameTransformMatrix {
              1.000000,-0.000000,0.000000,0.000000,-0.000000,1.000000,0.000000,0.000000,-0.000000,0.000000,1.000000,0.000000,0.139589,-0.000000,-0.000000,1.000000;;
             }
            }
           }
          }
         }

         Frame Bip01-L-Finger3 {
          

          FrameTransformMatrix {
           0.810946,0.016413,0.584891,0.000000,-0.051755,0.997700,0.043761,0.000000,-0.582828,-0.065759,0.809931,0.000000,0.421566,0.039883,0.000032,1.000000;;
          }

          Frame Bip01-L-Finger31 {
           

           FrameTransformMatrix {
            0.991040,0.000000,0.133562,0.000000,-0.000000,1.000000,0.000000,0.000000,-0.133562,-0.000000,0.991040,0.000000,0.109578,0.000000,0.000000,1.000000;;
           }

           Frame Bip01-L-Finger32 {
            

            FrameTransformMatrix {
             0.999095,0.000000,0.042526,0.000000,-0.000000,1.000000,-0.000000,0.000000,-0.042526,0.000000,0.999095,0.000000,0.105609,0.000000,-0.000000,1.000000;;
            }

            Frame Bip01-L-Finger3Nub {
             

             FrameTransformMatrix {
              1.000000,0.000000,-0.000000,0.000000,0.000000,1.000000,0.000000,0.000000,0.000000,0.000000,1.000000,0.000000,0.119648,0.000000,0.000000,1.000000;;
             }
            }
           }
          }
         }

         Frame Bip01-L-Finger4 {
          

          FrameTransformMatrix {
           0.908501,0.077648,0.410605,0.000000,-0.069217,0.996974,-0.035384,0.000000,-0.412110,0.003726,0.911127,0.000000,0.380754,0.107434,0.022540,1.000000;;
          }

          Frame Bip01-L-Finger41 {
           

           FrameTransformMatrix {
            0.977827,0.000000,0.209414,0.000000,-0.000000,1.000000,-0.000000,0.000000,-0.209414,-0.000000,0.977827,0.000000,0.118660,-0.000000,0.000000,1.000000;;
           }

           Frame Bip01-L-Finger42 {
            

            FrameTransformMatrix {
             0.977722,-0.000000,0.209905,0.000000,0.000000,1.000000,0.000000,0.000000,-0.209905,0.000000,0.977722,0.000000,0.070197,0.000000,-0.000000,1.000000;;
            }

            Frame Bip01-L-Finger4Nub {
             

             FrameTransformMatrix {
              1.000000,0.000000,0.000000,0.000000,-0.000000,1.000000,0.000000,0.000000,0.000000,0.000000,1.000000,0.000000,0.099706,-0.000000,0.000000,1.000000;;
             }
            }
           }
          }
         }

         Frame Bip01-Prop2 {
          

          FrameTransformMatrix {
           0.640109,-0.666671,-0.381851,0.000000,-0.708939,-0.321002,-0.627983,0.000000,0.296084,0.672687,-0.678105,0.000000,0.000000,0.000000,0.000000,1.000000;;
          }
         }
        }
       }

       Frame Bip01-L-ForeTwist {
        

        FrameTransformMatrix {
         0.919677,0.000000,-0.392677,0.000000,-0.051359,0.991410,-0.120285,0.000000,0.389304,0.130791,0.911777,0.000000,1.179170,0.000000,0.000000,1.000000;;
        }

        Frame Bip01-L-ForeTwist1 {
         

         FrameTransformMatrix {
          1.000000,-0.000000,-0.000000,0.000000,0.000000,0.991410,-0.130791,0.000000,0.000000,0.130791,0.991410,0.000000,0.459982,0.000000,-0.000000,1.000000;;
         }
        }
       }
      }

      Frame Bip01-LUpArmTwist {
       

       FrameTransformMatrix {
        0.664811,-0.744380,0.062642,0.000000,0.738723,0.667577,0.092897,0.000000,-0.110969,-0.015484,0.993703,0.000000,0.216890,0.000000,-0.000000,1.000000;;
       }

       Frame Bip01-LUpArmTwist1 {
        

        FrameTransformMatrix {
         1.000000,0.000000,0.000000,0.000000,-0.000000,1.000000,-0.000000,0.000000,-0.000000,0.000000,1.000000,0.000000,0.589585,0.000001,0.000000,1.000000;;
        }
       }
      }
     }

     Frame Bip01-R-Clavicle {
      

      FrameTransformMatrix {
       -0.160072,-0.977528,0.137172,0.000000,-0.987105,0.158630,-0.021450,0.000000,-0.000791,-0.138837,-0.990315,0.000000,0.443726,-0.146323,-0.000415,1.000000;;
      }

      Frame Bip01-R-UpperArm {
       

       FrameTransformMatrix {
        0.416255,0.849742,0.323528,0.000000,-0.846478,0.492070,-0.203325,0.000000,-0.331972,-0.189224,0.924115,0.000000,0.216889,-0.000001,-0.000000,1.000000;;
       }

       Frame Bip01-R-Forearm {
        

        FrameTransformMatrix {
         0.958204,-0.000000,-0.286086,0.000000,0.000000,1.000000,-0.000000,0.000000,0.286086,-0.000000,0.958204,0.000000,1.179170,0.000000,-0.000000,1.000000;;
        }

        Frame Bip01-R-Hand {
         

         FrameTransformMatrix {
          0.899496,-0.402528,-0.169934,0.000000,-0.146338,0.088922,-0.985230,0.000000,0.411693,0.911079,0.021080,0.000000,0.919964,0.000000,0.000000,1.000000;;
         }

         Frame Bip01-R-Finger0 {
          

          FrameTransformMatrix {
           0.807473,0.484416,0.336644,0.000000,-0.483484,0.216492,0.848160,0.000000,0.337981,-0.847628,0.409019,0.000000,0.093263,0.070586,0.050848,1.000000;;
          }

          Frame Bip01-R-Finger01 {
           

           FrameTransformMatrix {
            0.991246,0.000000,0.132026,0.000000,-0.000000,1.000000,0.000000,0.000000,-0.132026,0.000000,0.991246,0.000000,0.155814,0.000000,0.000000,1.000000;;
           }

           Frame Bip01-R-Finger02 {
            

            FrameTransformMatrix {
             0.997299,-0.000000,0.073452,0.000000,0.000000,1.000000,-0.000000,0.000000,-0.073452,0.000000,0.997299,0.000000,0.147680,0.000000,0.000000,1.000000;;
            }

            Frame Bip01-R-Finger0Nub {
             

             FrameTransformMatrix {
              -1.000000,-0.000000,-0.000690,0.000000,-0.000000,1.000000,-0.000000,0.000000,0.000690,0.000000,-1.000000,0.000000,0.143774,0.000000,0.000000,1.000000;;
             }
            }
           }
          }
         }

         Frame Bip01-R-Finger1 {
          

          FrameTransformMatrix {
           0.915341,-0.007019,0.402619,0.000000,0.024221,0.998998,-0.037649,0.000000,-0.401951,0.044214,0.914593,0.000000,0.422847,0.111036,0.015128,1.000000;;
          }

          Frame Bip01-R-Finger11 {
           

           FrameTransformMatrix {
            0.971187,-0.000000,0.238320,0.000000,0.000000,1.000000,0.000000,0.000000,-0.238320,0.000000,0.971187,0.000000,0.123762,-0.000000,0.000000,1.000000;;
           }

           Frame Bip01-R-Finger12 {
            

            FrameTransformMatrix {
             0.985555,0.000000,0.169355,0.000000,-0.000000,1.000000,0.000000,0.000000,-0.169355,-0.000000,0.985555,0.000000,0.093147,0.000000,0.000000,1.000000;;
            }

            Frame Bip01-R-Finger1Nub {
             

             FrameTransformMatrix {
              -1.000000,0.000000,-0.000690,0.000000,0.000000,1.000000,-0.000000,0.000000,0.000690,0.000000,-1.000000,0.000000,0.119648,0.000000,0.000000,1.000000;;
             }
            }
           }
          }
         }

         Frame Bip01-R-Finger2 {
          

          FrameTransformMatrix {
           0.755232,0.037369,0.654391,0.000000,0.041615,0.993626,-0.104769,0.000000,-0.654135,0.106357,0.748863,0.000000,0.429438,0.035862,-0.007352,1.000000;;
          }

          Frame Bip01-R-Finger21 {
           

           FrameTransformMatrix {
            0.948698,0.000000,0.316185,0.000000,-0.000000,1.000000,-0.000000,0.000000,-0.316185,0.000000,0.948698,0.000000,0.121388,0.000000,0.000000,1.000000;;
           }

           Frame Bip01-R-Finger22 {
            

            FrameTransformMatrix {
             0.913355,0.000000,0.407166,0.000000,-0.000000,1.000000,0.000000,0.000000,-0.407166,-0.000000,0.913354,0.000000,0.121717,-0.000000,-0.000000,1.000000;;
            }

            Frame Bip01-R-Finger2Nub {
             

             FrameTransformMatrix {
              -1.000000,-0.000000,0.000691,0.000000,0.000000,1.000000,-0.000000,0.000000,-0.000691,0.000000,-1.000000,0.000000,0.139590,0.000000,0.000000,1.000000;;
             }
            }
           }
          }
         }

         Frame Bip01-R-Finger3 {
          

          FrameTransformMatrix {
           0.730056,0.033756,0.682553,0.000000,0.075180,0.988750,-0.129312,0.000000,-0.679239,0.145720,0.719305,0.000000,0.421566,-0.039883,0.000031,1.000000;;
          }

          Frame Bip01-R-Finger31 {
           

           FrameTransformMatrix {
            0.909744,-0.000000,0.415169,0.000000,-0.000000,1.000000,0.000000,0.000000,-0.415169,-0.000000,0.909745,0.000000,0.109578,-0.000000,0.000000,1.000000;;
           }

           Frame Bip01-R-Finger32 {
            

            FrameTransformMatrix {
             0.943911,0.000000,0.330201,0.000000,-0.000000,1.000000,-0.000000,0.000000,-0.330201,0.000000,0.943911,0.000000,0.105608,0.000000,-0.000000,1.000000;;
            }

            Frame Bip01-R-Finger3Nub {
             

             FrameTransformMatrix {
              -1.000000,0.000000,-0.000690,0.000000,0.000000,1.000000,-0.000000,0.000000,0.000690,0.000000,-1.000000,0.000000,0.119648,0.000000,0.000000,1.000000;;
             }
            }
           }
          }
         }

         Frame Bip01-R-Finger4 {
          

          FrameTransformMatrix {
           0.800628,0.014825,0.598979,0.000000,0.000410,0.999681,-0.025290,0.000000,-0.599162,0.020493,0.800366,0.000000,0.380754,-0.107434,0.022540,1.000000;;
          }

          Frame Bip01-R-Finger41 {
           

           FrameTransformMatrix {
            0.998486,0.000000,-0.055013,0.000000,-0.000000,1.000000,0.000000,0.000000,0.055013,-0.000000,0.998486,0.000000,0.118660,0.000000,0.000000,1.000000;;
           }

           Frame Bip01-R-Finger42 {
            

            FrameTransformMatrix {
             0.962465,-0.000000,0.271408,0.000000,0.000000,1.000000,-0.000000,0.000000,-0.271408,0.000000,0.962464,0.000000,0.070198,-0.000000,-0.000000,1.000000;;
            }

            Frame Bip01-R-Finger4Nub {
             

             FrameTransformMatrix {
              -1.000000,0.000000,-0.000690,0.000000,0.000000,1.000000,0.000000,0.000000,0.000690,0.000000,-1.000000,0.000000,0.099707,0.000000,-0.000000,1.000000;;
             }
            }
           }
          }
         }

         Frame Bip01-Prop1 {
          

          FrameTransformMatrix {
           -0.434989,0.528940,0.728703,0.000000,0.881699,0.085969,0.463916,0.000000,0.182738,0.844294,-0.503761,0.000000,0.855095,0.131677,0.141442,1.000000;;
          }
         }
        }
       }

       Frame Bip01-R-ForeTwist {
        

        FrameTransformMatrix {
         0.958204,-0.000000,-0.286086,0.000000,0.008583,0.999550,0.028745,0.000000,0.285957,-0.029999,0.957773,0.000000,1.179170,0.000000,-0.000000,1.000000;;
        }

        Frame Bip01-R-ForeTwist1 {
         

         FrameTransformMatrix {
          1.000000,-0.000000,-0.000000,0.000000,-0.000000,0.999550,0.029999,0.000000,0.000000,-0.029999,0.999550,0.000000,0.459982,0.000000,-0.000000,1.000000;;
         }
        }
       }
      }

      Frame Bip01-RUpArmTwist {
       

       FrameTransformMatrix {
        0.416255,0.849742,0.323528,0.000000,-0.846478,0.492070,-0.203325,0.000000,-0.331972,-0.189224,0.924115,0.000000,0.216889,-0.000001,-0.000000,1.000000;;
       }

       Frame Bip01-RUpArmTwist1 {
        

        FrameTransformMatrix {
         1.000000,0.000000,-0.000000,0.000000,0.000000,1.000000,0.000000,0.000000,0.000000,-0.000000,1.000000,0.000000,0.589585,0.000000,0.000000,1.000000;;
        }
       }
      }
     }

     Frame Bone_Necklace_1 {
      

      FrameTransformMatrix {
       -0.845314,0.000001,0.534269,0.000000,-0.000001,1.000000,-0.000005,0.000000,-0.534269,-0.000005,-0.845314,0.000000,0.570845,-0.000001,0.109949,1.000000;;
      }

      Frame Bone_Necklace_2 {
       

       FrameTransformMatrix {
        0.991537,0.000000,0.129822,0.000000,-0.000000,1.000000,-0.000000,0.000000,-0.129822,0.000000,0.991537,0.000000,0.233530,-0.000000,-0.000184,1.000000;;
       }

       Frame Bone_Necklace_3 {
        

        FrameTransformMatrix {
         0.991537,0.000000,0.129822,0.000000,-0.000000,1.000000,-0.000000,0.000000,-0.129822,-0.000000,0.991537,0.000000,0.233530,0.000000,-0.000184,1.000000;;
        }

        Frame Bip01-Bone_NecklaceNub {
         

         FrameTransformMatrix {
          0.000796,0.000654,0.999999,0.000000,-0.000651,-1.000000,0.000654,0.000000,1.000000,-0.000651,-0.000796,0.000000,0.233506,-0.000000,0.000000,1.000000;;
         }
        }
       }
      }
     }
    }
   }
  }

  Frame Bip01-L-Thigh {
   

   FrameTransformMatrix {
    -0.861878,0.144804,0.486002,0.000000,-0.009427,-0.962775,0.270141,0.000000,0.507027,0.228247,0.831160,0.000000,-0.000000,0.273214,0.000001,1.000000;;
   }

   Frame Bip01-L-Calf {
    

    FrameTransformMatrix {
     0.733165,0.000000,-0.680050,0.000000,0.000000,1.000000,0.000000,0.000000,0.680050,-0.000000,0.733165,0.000000,1.994129,0.000000,0.000000,1.000000;;
    }

    Frame Bip01-L-Foot {
     

     FrameTransformMatrix {
      0.967413,-0.006569,0.253119,0.000000,-0.042635,0.981164,0.188415,0.000000,-0.249589,-0.193067,0.948910,0.000000,2.015924,-0.000000,0.000000,1.000000;;
     }

     Frame Bip01-L-Toe0 {
      

      FrameTransformMatrix {
       -0.000002,-0.000000,1.000000,0.000000,0.000000,1.000000,0.000000,0.000000,-1.000000,0.000000,-0.000002,0.000000,0.402568,-0.000000,0.425704,1.000000;;
      }

      Frame Bip01-L-Toe0Nub {
       

       FrameTransformMatrix {
        -1.000000,0.000000,-0.000690,0.000000,0.000000,1.000000,0.000000,0.000000,0.000690,0.000000,-1.000000,0.000000,0.213804,0.000000,0.000000,1.000000;;
       }
      }
     }
    }
   }
  }

  Frame Bip01-R-Thigh {
   

   FrameTransformMatrix {
    -0.993718,-0.106753,0.033608,0.000000,0.089948,-0.940470,-0.327759,0.000000,0.066597,-0.322677,0.944163,0.000000,0.000000,-0.273214,-0.000000,1.000000;;
   }

   Frame Bip01-R-Calf {
    

    FrameTransformMatrix {
     0.844230,-0.000000,-0.535981,0.000000,0.000000,1.000000,-0.000000,0.000000,0.535981,0.000000,0.844230,0.000000,1.994129,-0.000000,-0.000000,1.000000;;
    }

    Frame Bip01-R-Foot {
     

     FrameTransformMatrix {
      0.859727,-0.125612,0.495067,0.000000,0.261767,0.940672,-0.215906,0.000000,-0.438575,0.315212,0.841602,0.000000,2.015924,0.000000,-0.000000,1.000000;;
     }

     Frame Bip01-R-Toe0 {
      

      FrameTransformMatrix {
       -0.023846,-0.005154,0.999702,0.000000,0.078098,0.996921,0.007002,0.000000,-0.996661,0.078242,-0.023371,0.000000,0.402567,-0.000000,0.425704,1.000000;;
      }

      Frame Bip01-R-Toe0Nub {
       

       FrameTransformMatrix {
        1.000000,-0.000000,0.000000,0.000000,0.000000,1.000000,0.000000,0.000000,0.000000,-0.000000,1.000000,0.000000,0.213804,0.000000,-0.000000,1.000000;;
       }
      }
     }
    }
   }
  }

  Frame Bone_Skirt_F1 {
   

   FrameTransformMatrix {
    -0.863254,0.312438,0.396452,0.000000,0.117836,-0.638974,0.760149,0.000000,0.490823,0.702918,0.514780,0.000000,0.664946,0.195959,0.235179,1.000000;;
   }

   Frame Bone_Skirt_F2 {
    

    FrameTransformMatrix {
     0.989610,-0.000002,-0.143783,0.000000,0.000001,1.000000,-0.000001,0.000000,0.143783,0.000001,0.989609,0.000000,0.696155,0.000002,-0.000714,1.000000;;
    }

    Frame Bone_Skirt_F3 {
     

     FrameTransformMatrix {
      0.998655,0.000000,0.051854,0.000000,-0.000000,1.000000,-0.000000,0.000000,-0.051854,0.000000,0.998655,0.000000,0.906496,-0.000000,-0.000724,1.000000;;
     }

     Frame Bone_Skirt_F4 {
      

      FrameTransformMatrix {
       0.992661,-0.000000,-0.120935,0.000000,0.000000,1.000000,-0.000000,0.000000,0.120935,-0.000000,0.992661,0.000000,0.913676,-0.000000,-0.000490,1.000000;;
      }

      Frame Bip01-Bone_Skirt_FNub {
       

       FrameTransformMatrix {
        0.000796,0.000299,1.000000,0.000000,-0.000296,-1.000000,0.000299,0.000000,1.000000,-0.000296,-0.000796,0.000000,0.615394,0.000000,0.000000,1.000000;;
       }
      }
     }
    }
   }
  }

  Frame Bone_Skirt_B1 {
   

   FrameTransformMatrix {
    -0.845474,-0.009731,-0.533928,0.000000,-0.049402,0.996972,0.060058,0.000000,0.531727,0.077155,-0.843395,0.000000,0.634382,0.000005,-0.262584,1.000000;;
   }

   Frame Bone_Skirt_B2 {
    

    FrameTransformMatrix {
     0.983382,0.016468,-0.180802,0.000000,0.000072,0.995842,0.091095,0.000000,0.181551,-0.089594,0.979292,0.000000,0.696127,0.000065,-0.000707,1.000000;;
    }

    Frame Bone_Skirt_B3 {
     

     FrameTransformMatrix {
      0.988016,0.014016,-0.153717,0.000000,0.000045,0.995843,0.091094,0.000000,0.154354,-0.090009,0.983907,0.000000,0.906448,0.000066,-0.000716,1.000000;;
     }

     Frame Bone_Skirt_B4 {
      

      FrameTransformMatrix {
       1.000000,-0.000016,-0.000010,0.000000,0.000017,0.995842,0.091094,0.000000,0.000009,-0.091094,0.995842,0.000000,0.913675,0.000045,-0.000488,1.000000;;
      }

      Frame Bip01-Bone_Skirt_BNub {
       

       FrameTransformMatrix {
        0.000796,0.000653,1.000000,0.000000,-0.000651,-1.000000,0.000654,0.000000,1.000000,-0.000651,-0.000796,0.000000,0.615394,-0.000000,-0.000000,1.000000;;
       }
      }
     }
    }
   }
  }

  Frame Bone_Skirt_L1 {
   

   FrameTransformMatrix {
    -0.867513,0.497415,0.000001,0.000000,0.000002,0.000001,1.000000,0.000000,0.497415,0.867513,-0.000002,0.000000,0.599788,0.357726,0.001235,1.000000;;
   }

   Frame Bone_Skirt_L2 {
    

    FrameTransformMatrix {
     0.989609,0.000001,-0.143783,0.000000,-0.000001,1.000000,0.000001,0.000000,0.143783,-0.000001,0.989609,0.000000,0.696155,0.000000,-0.000714,1.000000;;
    }

    Frame Bone_Skirt_L3 {
     

     FrameTransformMatrix {
      0.998410,-0.000000,-0.056367,0.000000,0.000000,1.000000,-0.000000,0.000000,0.056367,0.000000,0.998410,0.000000,0.906519,0.000000,-0.000727,1.000000;;
     }

     Frame Bone_Skirt_L4 {
      

      FrameTransformMatrix {
       1.000000,-0.000000,0.000000,0.000000,0.000000,1.000000,-0.000000,0.000000,0.000000,0.000000,1.000000,0.000000,0.913676,-0.000000,-0.000490,1.000000;;
      }

      Frame Bip01-Bone_Skirt_LNub {
       

       FrameTransformMatrix {
        0.000796,0.000653,1.000000,0.000000,-0.000651,-1.000000,0.000654,0.000000,0.999999,-0.000651,-0.000796,0.000000,0.615394,-0.000000,0.000000,1.000000;;
       }
      }
     }
    }
   }
  }

  Frame Bone_Skirt_R1 {
   

   FrameTransformMatrix {
    -0.867511,-0.497419,-0.000000,0.000000,0.000001,-0.000001,-1.000000,0.000000,0.497419,-0.867511,0.000001,0.000000,0.599789,-0.357724,0.001234,1.000000;;
   }

   Frame Bone_Skirt_R2 {
    

    FrameTransformMatrix {
     0.989610,-0.000002,-0.143783,0.000000,0.000001,1.000000,-0.000001,0.000000,0.143783,0.000001,0.989609,0.000000,0.696155,0.000000,-0.000714,1.000000;;
    }

    Frame Bone_Skirt_R3 {
     

     FrameTransformMatrix {
      0.998410,-0.000000,-0.056367,0.000000,0.000000,1.000000,-0.000000,0.000000,0.056367,-0.000000,0.998410,0.000000,0.906520,-0.000000,-0.000726,1.000000;;
     }

     Frame Bone_Skirt_R4 {
      

      FrameTransformMatrix {
       1.000000,-0.000000,0.000000,0.000000,0.000000,1.000000,-0.000000,0.000000,-0.000000,0.000000,1.000000,0.000000,0.913676,-0.000000,-0.000490,1.000000;;
      }

      Frame Bip01-Bone_Skirt_RNub {
       

       FrameTransformMatrix {
        0.000796,0.000653,0.999999,0.000000,-0.000651,-1.000000,0.000654,0.000000,1.000000,-0.000651,-0.000796,0.000000,0.615394,0.000000,0.000000,1.000000;;
       }
      }
     }
    }
   }
  }

  Frame Bone_Pinafore_R1 {
   

   FrameTransformMatrix {
    -0.833723,-0.253890,0.490353,0.000000,-0.027612,-0.867746,-0.496241,0.000000,0.551492,-0.427267,0.716449,0.000000,0.762253,-0.143229,0.247817,1.000000;;
   }

   Frame Bone_Pinafore_R2 {
    

    FrameTransformMatrix {
     0.989609,-0.000001,-0.143783,0.000000,0.000001,1.000000,-0.000001,0.000000,0.143783,0.000001,0.989609,0.000000,0.496619,-0.000000,-0.000510,1.000000;;
    }

    Frame Bone_Pinafore_R3 {
     

     FrameTransformMatrix {
      0.996228,-0.000000,-0.086776,0.000000,0.000000,1.000000,-0.000000,0.000000,0.086776,-0.000000,0.996228,0.000000,0.646671,0.000000,-0.000517,1.000000;;
     }

     Frame Bone_Pinafore_R4 {
      

      FrameTransformMatrix {
       1.000000,-0.000000,-0.000000,0.000000,0.000000,1.000000,0.000000,0.000000,-0.000000,0.000000,1.000000,0.000000,0.651793,0.000000,-0.000350,1.000000;;
      }

      Frame Bip01-Bone_Pinafore_RNub {
       

       FrameTransformMatrix {
        0.000796,0.000298,1.000000,0.000000,-0.000296,-1.000000,0.000299,0.000000,1.000000,-0.000296,-0.000796,0.000000,0.439008,-0.000000,-0.000000,1.000000;;
       }
      }
     }
    }
   }
  }

  Frame Bone_BowknotRoot {
   

   FrameTransformMatrix {
    0.000796,0.000001,-1.000000,0.000000,0.000001,1.000000,0.000001,0.000000,1.000000,-0.000001,0.000796,0.000000,0.839570,0.000001,-0.146512,1.000000;;
   }

   Frame Bip01-Bone_BowknotRootNub {
    

    FrameTransformMatrix {
     0.000796,0.000508,1.000000,0.000000,-0.000506,-1.000000,0.000509,0.000000,1.000000,-0.000506,-0.000796,0.000000,0.087283,-0.000000,0.000000,1.000000;;
    }
   }

   Frame Bone_Ribbon_R1 {
    

    FrameTransformMatrix {
     0.577473,-0.171384,-0.798219,0.000000,0.171024,0.981419,-0.086990,0.000000,0.798296,-0.086280,0.596054,0.000000,0.016302,-0.021916,-0.009138,1.000000;;
    }

    Frame Bone_Ribbon_R2 {
     

     FrameTransformMatrix {
