xof 0303txt 0032
template ColorRGBA {
 <35ff44e0-6c7c-11cf-8f52-0040333594a3>
 FLOAT red;
 FLOAT green;
 FLOAT blue;
 FLOAT alpha;
}

template ColorRGB {
 <d3e16e81-7835-11cf-8f52-0040333594a3>
 FLOAT red;
 FLOAT green;
 FLOAT blue;
}

template Material {
 <3d82ab4d-62da-11cf-ab39-0020af71e433>
 ColorRGBA faceColor;
 FLOAT power;
 ColorRGB specularColor;
 ColorRGB emissiveColor;
 [...]
}

template TextureFilename {
 <a42790e1-7810-11cf-8f52-0040333594a3>
 STRING filename;
}

template Frame {
 <3d82ab46-62da-11cf-ab39-0020af71e433>
 [...]
}

template Matrix4x4 {
 <f6f23f45-7686-11cf-8f52-0040333594a3>
 array FLOAT matrix[16];
}

template FrameTransformMatrix {
 <f6f23f41-7686-11cf-8f52-0040333594a3>
 Matrix4x4 frameMatrix;
}

template Vector {
 <3d82ab5e-62da-11cf-ab39-0020af71e433>
 FLOAT x;
 FLOAT y;
 FLOAT z;
}

template MeshFace {
 <3d82ab5f-62da-11cf-ab39-0020af71e433>
 DWORD nFaceVertexIndices;
 array DWORD faceVertexIndices[nFaceVertexIndices];
}

template Mesh {
 <3d82ab44-62da-11cf-ab39-0020af71e433>
 DWORD nVertices;
 array Vector vertices[nVertices];
 DWORD nFaces;
 array MeshFace faces[nFaces];
 [...]
}

template MeshMaterialList {
 <f6f23f42-7686-11cf-8f52-0040333594a3>
 DWORD nMaterials;
 DWORD nFaceIndexes;
 array DWORD faceIndexes[nFaceIndexes];
 [Material <3d82ab4d-62da-11cf-ab39-0020af71e433>]
}

template VertexElement {
 <f752461c-1e23-48f6-b9f8-8350850f336f>
 DWORD Type;
 DWORD Method;
 DWORD Usage;
 DWORD UsageIndex;
}

template DeclData {
 <bf22e553-292c-4781-9fea-62bd554bdd93>
 DWORD nElements;
 array VertexElement Elements[nElements];
 DWORD nDWords;
 array DWORD data[nDWords];
}

template XSkinMeshHeader {
 <3cf169ce-ff7c-44ab-93c0-f78f62d172e2>
 WORD nMaxSkinWeightsPerVertex;
 WORD nMaxSkinWeightsPerFace;
 WORD nBones;
}

template SkinWeights {
 <6f0d123b-bad2-4167-a0d0-80224f25fabb>
 STRING transformNodeName;
 DWORD nWeights;
 array DWORD vertexIndices[nWeights];
 array FLOAT weights[nWeights];
 Matrix4x4 matrixOffset;
}

template AnimTicksPerSecond {
 <9e415a43-7ba6-4a73-8743-b73d47e88476>
 DWORD AnimTicksPerSecond;
}

template Animation {
 <3d82ab4f-62da-11cf-ab39-0020af71e433>
 [...]
}

template AnimationSet {
 <3d82ab50-62da-11cf-ab39-0020af71e433>
 [Animation <3d82ab4f-62da-11cf-ab39-0020af71e433>]
}

template FloatKeys {
 <10dd46a9-775b-11cf-8f52-0040333594a3>
 DWORD nValues;
 array FLOAT values[nValues];
}

template TimedFloatKeys {
 <f406b180-7b3b-11cf-8f52-0040333594a3>
 DWORD time;
 FloatKeys tfkeys;
}

template AnimationKey {
 <10dd46a8-775b-11cf-8f52-0040333594a3>
 DWORD keyType;
 DWORD nKeys;
 array TimedFloatKeys keys[nKeys];
}


Material Material__65 {
 1.000000;1.000000;1.000000;1.000000;;
 10.000000;
 0.000000;0.000000;0.000000;;
 0.000000;0.000000;0.000000;;

 TextureFilename {
  "ink.tga";
 }
}

Material Material__66 {
 1.000000;1.000000;1.000000;1.000000;;
 10.000000;
 0.000000;0.000000;0.000000;;
 0.000000;0.000000;0.000000;;

 TextureFilename {
  "BR_DU_DM.tga";
 }
}

Material Doom_Enemies_Metal_XXX_Mat_INST {
 1.000000;1.000000;1.000000;1.000000;;
 10.000000;
 0.000000;0.000000;0.000000;;
 0.000000;0.000000;0.000000;;

 TextureFilename {
  "Doom_Enemies_Metal_DM.tga";
 }
}

Frame Root {
 

 FrameTransformMatrix {
  1.000000,0.000000,0.000000,0.000000,0.000000,1.000000,0.000000,0.000000,0.000000,0.000000,1.000000,0.000000,0.000000,0.000000,0.000000,1.000000;;
 }

 Frame RefBox {
  

  FrameTransformMatrix {
   1.000000,0.000000,0.000000,0.000000,0.000000,1.000000,0.000000,0.000000,0.000000,0.000000,1.000000,0.000000,0.000000,0.000000,0.000000,1.000000;;
  }
 }

 Frame Refbox_Align {
  

  FrameTransformMatrix {
   1.000000,0.000000,0.000000,0.000000,0.000000,1.000000,0.000000,0.000000,0.000000,0.000000,1.000000,0.000000,0.000000,0.000000,0.000000,1.000000;;
  }
 }

 Frame CATRig00 {
  

  FrameTransformMatrix {
   0.000066,0.999934,-0.011514,0.000000,0.999934,0.000066,0.011514,0.000000,0.011514,-0.011514,-0.999867,0.000000,-0.000000,41.366582,0.000010,1.000000;;
  }

  Frame CATRigSpineCATRigSpine1 {
   

   FrameTransformMatrix {
    0.999988,0.000000,0.004944,0.000000,-0.000000,1.000000,0.000000,0.000000,-0.004944,0.000000,0.999988,0.000000,11.546634,0.000001,-2.600384,1.000000;;
   }

   Frame CATRigSpine2 {
    

    FrameTransformMatrix {
     0.990612,-0.000000,0.136706,0.000000,0.000000,1.000000,0.000000,0.000000,-0.136706,-0.000000,0.990612,0.000000,24.310902,0.000000,0.000000,1.000000;;
    }

    Frame CATRigSpine3 {
     

     FrameTransformMatrix {
      0.981867,-0.000000,0.189570,0.000000,-0.000000,1.000000,0.000000,0.000000,-0.189570,-0.000000,0.981867,0.000000,23.195259,-0.000000,-0.000001,1.000000;;
     }

     Frame CATRigSpine4 {
      

      FrameTransformMatrix {
       0.979690,-0.000000,0.200518,0.000000,0.000000,1.000000,0.000000,0.000000,-0.200518,-0.000000,0.979690,0.000000,20.880250,0.000002,0.000000,1.000000;;
      }

      Frame CATRig01 {
       

       FrameTransformMatrix {
        0.893818,0.000000,-0.448430,0.000000,0.000000,1.000000,0.000000,0.000000,0.448430,-0.000000,0.893818,0.000000,39.029587,-0.000001,0.000011,1.000000;;
       }

       Frame CATRigLArmCollarbone {
        

        FrameTransformMatrix {
         -0.333269,0.942798,0.007987,0.000000,-0.935003,-0.329400,-0.131397,0.000000,-0.121250,-0.051259,0.991298,0.000000,-11.361435,36.798682,-13.563118,1.000000;;
        }

        Frame CATRigLArm11 {
         

         FrameTransformMatrix {
          0.425769,0.904263,0.032085,0.000000,-0.886263,0.423916,-0.186639,0.000000,-0.182372,0.051030,0.981905,0.000000,21.352501,-0.000015,-0.000002,1.000000;;
         }

         Frame CATRigLArm12 {
          

          FrameTransformMatrix {
           1.000000,-0.000000,0.000000,0.000000,0.000000,0.999787,-0.020629,0.000000,-0.000000,0.020629,0.999787,0.000000,17.508560,-0.000015,0.000002,1.000000;;
          }

          Frame CATRigLArm21 {
           

           FrameTransformMatrix {
            0.973096,0.027886,0.228705,0.000000,-0.023158,0.999460,-0.023331,0.000000,-0.229232,0.017407,0.973216,0.000000,17.508560,0.000008,0.000000,1.000000;;
           }

           Frame CATRigLArm22 {
            

            FrameTransformMatrix {
             1.000000,-0.000000,0.000000,0.000000,0.000000,0.988682,0.150030,0.000000,0.000000,-0.150030,0.988682,0.000000,22.699363,0.000004,0.000003,1.000000;;
            }

            Frame CATRigLArmPalm {
             

             FrameTransformMatrix {
              0.996590,-0.082448,0.003164,0.000000,-0.015498,-0.149396,0.988656,0.000000,-0.081040,-0.985334,-0.150164,0.000000,22.699368,0.000011,0.000000,1.000000;;
             }

             Frame CATRigLArmDigit11 {
              

              FrameTransformMatrix {
               0.697171,0.607431,-0.380762,0.000000,-0.672747,0.370804,-0.640246,0.000000,-0.247717,0.702518,0.667161,0.000000,9.333027,10.166286,-3.348064,1.000000;;
              }

              Frame CATRigLArmDigit12 {
               

               FrameTransformMatrix {
                0.751388,-0.122071,-0.648472,0.000000,0.119193,0.991682,-0.048568,0.000000,0.649007,-0.040800,0.759688,0.000000,7.571510,-0.000002,-0.000008,1.000000;;
               }
              }
             }

             Frame CATRigLArmDigit21 {
              

              FrameTransformMatrix {
               0.809269,0.093772,-0.579905,0.000000,-0.069207,0.995521,0.064399,0.000000,0.583347,-0.011983,0.812134,0.000000,23.088891,6.640344,-1.578743,1.000000;;
              }

              Frame CATRigLArmDigit22 {
               

               FrameTransformMatrix {
                0.705585,-0.080763,-0.704008,0.000000,-0.007405,0.992589,-0.121291,0.000000,0.708586,0.090795,0.699758,0.000000,10.332462,-0.000002,0.000008,1.000000;;
               }
              }
             }

             Frame CATRigLArmDigit31 {
              

              FrameTransformMatrix {
               0.816464,-0.228419,-0.530294,0.000000,0.266502,0.963822,-0.004838,0.000000,0.512214,-0.137375,0.847800,0.000000,22.347216,-6.507853,-1.190323,1.000000;;
              }

              Frame CATRigLArmDigit32 {
               

               FrameTransformMatrix {
                0.630931,-0.087419,-0.770899,0.000000,0.015210,0.994834,-0.100364,0.000000,0.775690,0.051597,0.629001,0.000000,9.310222,0.000000,0.000008,1.000000;;
               }
              }
             }
            }
           }
          }
         }
        }
       }

       Frame CATRigRArmCollarbone {
        

        FrameTransformMatrix {
         -0.296380,-0.952740,0.066671,0.000000,0.949459,-0.286363,0.128547,0.000000,-0.103380,0.101400,0.989460,0.000000,-11.549820,-36.772771,-12.154624,1.000000;;
        }

        Frame CATRigRArm11 {
         

         FrameTransformMatrix {
          0.455488,-0.887604,0.068487,0.000000,0.878827,0.460595,0.124563,0.000000,-0.142107,0.003451,0.989845,0.000000,20.872203,0.000000,0.000004,1.000000;;
         }

         Frame CATRigRArm12 {
          

          FrameTransformMatrix {
           1.000000,-0.000000,-0.000000,0.000000,0.000000,1.000000,0.000183,0.000000,0.000000,-0.000183,1.000000,0.000000,15.785248,0.000000,0.000000,1.000000;;
          }

          Frame CATRigRArm21 {
           

           FrameTransformMatrix {
            0.971552,-0.137159,0.193063,0.000000,0.137123,0.990460,0.013612,0.000000,-0.193089,0.013249,0.981092,0.000000,15.785218,0.000000,0.000001,1.000000;;
           }

           Frame CATRigRArm22 {
            

            FrameTransformMatrix {
             1.000000,-0.000000,0.000000,0.000000,0.000000,0.997823,-0.065945,0.000000,-0.000000,0.065945,0.997823,0.000000,22.640694,0.000015,-0.000000,1.000000;;
            }

            Frame CATRigRArmPalm {
             

             FrameTransformMatrix {
              0.994426,0.105015,0.009471,0.000000,0.016374,-0.065067,-0.997747,0.000000,-0.104162,0.992340,-0.066424,0.000000,22.640690,0.000000,-0.000001,1.000000;;
             }

             Frame CATRigRArmDigit11 {
              

              FrameTransformMatrix {
               0.518066,-0.762489,-0.387581,0.000000,0.812973,0.298106,0.500208,0.000000,-0.265863,-0.574234,0.774321,0.000000,9.722183,-9.159319,-1.841347,1.000000;;
              }

              Frame CATRigRArmDigit12 {
               

               FrameTransformMatrix {
                0.709931,0.147494,-0.688653,0.000000,-0.141124,0.987784,0.066077,0.000000,0.689987,0.050275,0.722074,0.000000,7.158111,0.000002,-0.000008,1.000000;;
               }
              }
             }

             Frame CATRigRArmDigit21 {
              

              FrameTransformMatrix {
               0.923417,-0.032846,-0.382389,0.000000,0.017663,0.998913,-0.043151,0.000000,0.383391,0.033092,0.922993,0.000000,24.966259,-5.028408,-1.578774,1.000000;;
              }

              Frame CATRigRArmDigit22 {
               

               FrameTransformMatrix {
                0.734985,0.076840,-0.673716,0.000000,0.007391,0.992592,0.121271,0.000000,0.678043,-0.094112,0.728972,0.000000,10.332454,-0.000002,-0.000004,1.000000;;
               }
              }
             }

             Frame CATRigRArmDigit31 {
              

              FrameTransformMatrix {
               0.924213,0.062420,-0.376741,0.000000,-0.085269,0.995375,-0.044260,0.000000,0.372236,0.073030,0.925261,0.000000,24.420219,5.404780,-1.181946,1.000000;;
              }

              Frame CATRigRArmDigit32 {
               

               FrameTransformMatrix {
                0.701019,0.061457,-0.710489,0.000000,-0.005589,0.996723,0.080702,0.000000,0.713120,-0.052603,0.699065,0.000000,11.695809,-0.000003,0.000004,1.000000;;
               }
              }
             }

             Frame CATRigRArmDigit41 {
              

              FrameTransformMatrix {
               0.855275,0.425228,-0.296117,0.000000,-0.470898,0.876305,-0.101711,0.000000,0.216239,0.226432,0.949721,0.000000,14.275192,8.970987,2.017960,1.000000;;
              }

              Frame CATRigRArmDigit42 {
               

               FrameTransformMatrix {
                0.702408,-0.093572,-0.705597,0.000000,0.199089,0.977581,0.068548,0.000000,0.683364,-0.188625,0.705290,0.000000,13.846650,-0.000000,-0.000008,1.000000;;
               }
              }
             }
            }
           }
          }
         }
        }
       }
      }

      Frame CATRigHub07 {
       

       FrameTransformMatrix {
        0.123089,-0.009464,0.992351,0.000000,0.444850,0.894390,-0.046648,0.000000,-0.887106,0.447189,0.114299,0.000000,7.142059,-26.379858,10.615852,1.000000;;
       }

       Frame CATRigHub08 {
        

        FrameTransformMatrix {
         1.000000,0.000000,0.000000,0.000000,-0.000000,1.000000,0.000000,0.000000,-0.000000,-0.000000,1.000000,0.000000,11.031361,-0.000002,-0.000015,1.000000;;
        }

        Frame CATRigHub09 {
         

         FrameTransformMatrix {
          0.920592,-0.000000,0.390526,0.000000,0.000000,1.000000,-0.000000,0.000000,-0.390526,0.000000,0.920592,0.000000,20.175142,0.000000,12.504303,1.000000;;
         }
        }
       }
      }

      Frame CATRigHub01 {
       

       FrameTransformMatrix {
        0.381371,-0.000000,0.924422,0.000000,0.000000,1.000000,0.000000,0.000000,-0.924422,-0.000000,0.381371,0.000000,25.011490,1.758147,18.160130,1.000000;;
       }

       Frame CATRigHub02 {
        

        FrameTransformMatrix {
         1.000000,-0.000000,-0.000000,0.000000,0.000000,1.000000,0.000000,0.000000,0.000000,-0.000000,1.000000,0.000000,11.031365,0.000001,0.000015,1.000000;;
        }

        Frame CATRigHub03 {
         

         FrameTransformMatrix {
          0.953809,0.000000,0.300413,0.000000,-0.000000,1.000000,-0.000000,0.000000,-0.300413,-0.000000,0.953809,0.000000,19.925616,-0.000000,12.271194,1.000000;;
         }
        }
       }
      }
     }

     Frame CATRigHub04 {
      

      FrameTransformMatrix {
       -0.272072,0.041901,0.961364,0.000000,-0.807986,0.532649,-0.251881,0.000000,-0.522623,-0.845299,-0.111064,0.000000,19.076782,2.349939,15.761883,1.000000;;
      }

      Frame CATRigHub05 {
       

       FrameTransformMatrix {
        1.000000,0.000000,0.000000,0.000000,0.000000,0.998157,-0.060688,0.000000,0.000000,0.060688,0.998157,0.000000,11.031368,2.383049,-7.324665,1.000000;;
       }

       Frame CATRigHub06 {
        

        FrameTransformMatrix {
         0.952752,0.000000,0.303750,0.000000,0.000000,1.000000,0.000000,0.000000,-0.303750,0.000000,0.952752,0.000000,19.925606,0.000008,12.271218,1.000000;;
        }
       }
      }
     }
    }

    Frame CATRigRArmCollarbone01 {
     

     FrameTransformMatrix {
      -0.578182,-0.540528,0.611175,0.000000,0.589230,0.241520,0.771023,0.000000,-0.564370,0.805914,0.178853,0.000000,28.615523,-20.877371,4.394134,1.000000;;
     }

     Frame CATRigRArm01 {
      

      FrameTransformMatrix {
       0.968042,0.177745,-0.176922,0.000000,0.195047,-0.090159,0.976641,0.000000,0.157643,-0.979938,-0.121946,0.000000,18.206558,-0.000004,-0.000008,1.000000;;
      }

      Frame CATRigRArm02 {
       

       FrameTransformMatrix {
        0.992609,-0.120216,-0.016619,0.000000,-0.002665,0.115317,-0.993325,0.000000,0.121330,0.986027,0.114145,0.000000,48.599574,0.000023,0.000008,1.000000;;
       }

       Frame CATRigRArm03 {
        

        FrameTransformMatrix {
         0.997410,-0.002609,0.071880,0.000000,0.071527,0.141321,-0.987377,0.000000,-0.007582,0.989961,0.141141,0.000000,29.816506,-0.000008,-0.000015,1.000000;;
        }
       }
      }
     }
    }

    Frame CATRigLArmCollarbone01 {
     

     FrameTransformMatrix {
      -0.431281,0.486404,0.759874,0.000000,-0.698462,0.353119,-0.622461,0.000000,-0.571093,-0.799198,0.187442,0.000000,32.331002,23.957910,3.862457,1.000000;;
     }

     Frame CATRigLArm01 {
      

      FrameTransformMatrix {
       0.999359,-0.002754,-0.035702,0.000000,-0.035750,-0.019754,-0.999165,0.000000,0.002047,0.999801,-0.019840,0.000000,18.840325,0.000011,0.000008,1.000000;;
      }

      Frame CATRigLArm02 {
       

       FrameTransformMatrix {
        0.983091,0.182139,0.018927,0.000000,-0.011142,-0.043671,0.998984,0.000000,0.182780,-0.982303,-0.040904,0.000000,44.061878,0.000008,0.000000,1.000000;;
       }

       Frame CATRigLArm03 {
        

        FrameTransformMatrix {
         0.999658,-0.012763,0.022793,0.000000,-0.016871,0.350696,0.936337,0.000000,-0.019944,-0.936402,0.350361,0.000000,30.712554,0.000000,-0.000008,1.000000;;
        }
       }
      }
     }
    }
   }
  }

  Frame CATRigLLegCollarboneF {
   

   FrameTransformMatrix {
    -0.112450,0.806957,0.579806,0.000000,-0.993383,-0.077592,-0.084671,0.000000,-0.023338,-0.585491,0.810343,0.000000,0.000000,15.476221,18.853640,1.000000;;
   }

   Frame CATRigLLeg1F {
    

    FrameTransformMatrix {
     0.970831,-0.156967,0.181241,0.000000,0.172873,-0.065535,-0.982761,0.000000,0.166139,0.985427,-0.036489,0.000000,6.866178,0.000000,0.000001,1.000000;;
    }

    Frame CATRigLLeg2F {
     

     FrameTransformMatrix {
      -0.046438,-0.006892,0.998897,0.000000,0.036724,-0.999313,-0.005188,0.000000,0.998246,0.036443,0.046659,0.000000,34.906390,0.000005,-0.000004,1.000000;;
     }

     Frame CATRigLLegAnkle {
      

      FrameTransformMatrix {
       0.997970,0.000305,-0.063690,0.000000,-0.000305,1.000000,0.000010,0.000000,0.063690,0.000010,0.997970,0.000000,33.802810,-0.000002,0.000000,1.000000;;
      }
     }
    }
   }
  }

  Frame CATRigRLegCollarboneF {
   

   FrameTransformMatrix {
    -0.371088,-0.739333,0.561855,0.000000,0.927726,-0.268957,0.258819,0.000000,-0.040238,0.617292,0.785705,0.000000,0.081886,-17.806944,16.144315,1.000000;;
   }

   Frame CATRigRLeg1F {
    

    FrameTransformMatrix {
     0.960549,0.000716,0.278109,0.000000,-0.278080,-0.012159,0.960481,0.000000,0.004070,-0.999926,-0.011480,0.000000,7.891807,0.000000,-0.000002,1.000000;;
    }

    Frame CATRigRLeg2F {
     

     FrameTransformMatrix {
      0.723629,0.016427,0.689994,0.000000,-0.054228,-0.995273,0.080566,0.000000,0.688056,-0.095717,-0.719318,0.000000,23.175211,0.000001,-0.000004,1.000000;;
     }

     Frame CATRigRLegAnkleF {
      

      FrameTransformMatrix {
       0.866855,0.165878,-0.470157,0.000000,-0.188546,0.982064,-0.001147,0.000000,0.461534,0.089641,0.882582,0.000000,24.249430,0.000002,-0.000008,1.000000;;
      }
     }
    }
   }
  }

  Frame CATRigLLegCollarboneB {
   

   FrameTransformMatrix {
    -0.107948,0.876585,-0.468985,0.000000,-0.117273,-0.479676,-0.869574,0.000000,-0.987215,-0.038870,0.154580,0.000000,-1.672730,16.587966,-18.887688,1.000000;;
   }

   Frame CATRigLLeg1B {
    

    FrameTransformMatrix {
     0.980667,0.118803,0.155494,0.000000,0.163922,-0.064760,-0.984345,0.000000,-0.106874,0.990804,-0.082982,0.000000,10.953579,0.000000,0.000004,1.000000;;
    }

    Frame CATRigLLeg2B {
     

     FrameTransformMatrix {
      0.407366,-0.913046,0.019994,0.000000,-0.042852,0.002759,0.999078,0.000000,-0.912259,-0.407847,-0.038002,0.000000,20.822571,0.000000,0.000005,1.000000;;
     }

     Frame CATRigLLegAnkleB {
      

      FrameTransformMatrix {
       0.992872,0.058843,0.103647,0.000000,-0.118179,0.598843,0.792099,0.000000,-0.015459,-0.798702,0.601528,0.000000,25.501002,-0.000001,-0.000004,1.000000;;
      }
     }
    }
   }
  }

  Frame CATRigRLegCollarboneB {
   

   FrameTransformMatrix {
    0.002580,-0.612217,-0.790686,0.000000,-0.040609,-0.790100,0.611631,0.000000,-0.999172,0.030531,-0.026900,0.000000,-1.672726,-16.587970,-18.887688,1.000000;;
   }

   Frame CATRigRLeg1B {
    

    FrameTransformMatrix {
     0.902031,0.142255,0.407558,0.000000,0.134635,-0.989757,0.047487,0.000000,0.410138,0.012037,-0.911944,0.000000,16.010211,-0.000003,0.000000,1.000000;;
    }

    Frame CATRigRLeg2B {
     

     FrameTransformMatrix {
      0.588107,0.014890,-0.808646,0.000000,0.004799,-0.999877,-0.014920,0.000000,-0.808769,0.004894,-0.588106,0.000000,17.399418,0.000000,0.000000,1.000000;;
     }

     Frame CATRigRLegAnkleB {
      

      FrameTransformMatrix {
       0.986406,-0.039961,0.159394,0.000000,0.140911,0.704727,-0.695345,0.000000,-0.084542,0.708353,0.700777,0.000000,25.544957,0.000003,0.000004,1.000000;;
      }
     }
    }
   }
  }
 }
}

Frame SK_Grunt_Mini {
 

 FrameTransformMatrix {
  1.000000,0.000000,0.000000,0.000000,0.000000,1.000000,0.000000,0.000000,0.000000,0.000000,1.000000,0.000000,0.000000,0.000000,0.000000,1.000000;;
 }

 Mesh SK_Grunt_Mini {
  1465;
  -28.173498;33.624141;43.042342;,
  -29.215411;32.001466;31.283453;,
  -22.757205;34.361283;39.889142;,
  -25.825426;41.104051;42.021277;,
  -32.552390;38.987808;46.083632;,
  -33.937130;44.468467;38.173821;,
  -38.687584;42.298912;42.483414;,
  -41.543949;37.046832;45.431491;,
  -38.687584;42.298912;42.483414;,
  -36.222419;34.340234;48.732022;,
  -32.502742;30.255750;46.120851;,
  -31.493699;31.450077;34.060118;,
  -28.173498;33.624141;43.042342;,
  -44.588790;29.542909;47.455536;,
  -38.961488;28.189293;50.411760;,
  -34.517162;26.170714;46.732301;,
  -40.312928;22.030805;51.306947;,
  -35.474285;20.489333;47.171814;,
  -40.525274;15.872267;52.202122;,
  -35.474285;20.489333;47.171814;,
  -35.292499;14.808246;47.611053;,
  -34.612586;8.221022;48.490304;,
  -40.634262;8.330947;53.992634;,
  -46.117488;23.044818;48.352131;,
  -48.318893;22.748102;42.836550;,
  -46.815210;29.139504;41.890810;,
  -44.010147;36.239453;39.710515;,
  -49.097421;8.345469;45.674301;,
  -46.507030;16.546656;49.248803;,
  -48.683507;16.356624;43.782275;,
  -52.051478;3.484134;44.940986;,
  -46.367043;-0.046212;50.172368;,
  -49.380509;3.614173;52.481686;,
  -51.021414;6.485292;45.432717;,
  -48.450973;6.554761;52.606896;,
  -46.970666;8.323841;51.042582;,
  -49.097421;8.345469;45.674301;,
  -40.097005;6.513682;56.331123;,
  -40.613869;3.541929;56.633005;,
  -40.162918;-0.025635;53.583587;,
  -32.588762;6.414427;50.638163;,
  -34.612586;8.221022;48.490304;,
  -32.835853;3.467274;50.557296;,
  -35.370637;-0.043773;48.334637;,
  -42.822765;-0.934507;46.792880;,
  -47.846368;-0.047606;45.010438;,
  -31.157443;90.467738;-21.882066;,
  -38.968432;96.326490;-9.881430;,
  -37.303773;96.540640;-23.032610;,
  -30.494154;85.418227;-9.350296;,
  -29.986058;94.083712;-33.383104;,
  -36.057971;99.306522;-34.215613;,
  -17.816635;82.443315;-18.704826;,
  -16.340416;76.970323;-13.780032;,
  -22.708611;73.089190;-7.627879;,
  -13.783752;69.541690;-12.480957;,
  -20.566795;62.952691;-7.856100;,
  -12.645210;60.998246;-13.231752;,
  -21.511230;57.081606;-9.824759;,
  -24.820797;64.074176;-3.550412;,
  -25.337307;56.357190;-11.096832;,
  -23.989720;64.391418;-3.710390;,
  -27.160285;76.712640;0.161260;,
  -33.099446;86.386918;-0.431944;,
  -33.851517;89.068051;-6.817053;,
  -36.875709;89.298861;-7.473440;,
  -25.811067;72.018323;6.458030;,
  -25.651875;62.528160;-1.024346;,
  -26.409856;71.190918;9.019738;,
  -24.101947;59.681280;8.749009;,
  -28.599683;79.954259;9.332876;,
  -23.190530;69.302950;17.297005;,
  -22.196930;60.074816;16.973538;,
  -26.393190;82.123885;17.009010;,
  -30.560557;80.604096;13.468395;,
  -31.338266;86.699354;5.285722;,
  -35.707277;86.736646;-0.936185;,
  -36.264662;104.644166;16.298571;,
  -25.488478;97.109299;25.479866;,
  -27.765760;108.027469;27.268253;,
  -31.723363;94.467974;16.858301;,
  -15.417339;109.162112;28.868461;,
  -15.586194;97.863725;28.936291;,
  -29.732784;119.437094;27.459798;,
  -42.122893;116.743040;14.577536;,
  -16.059582;120.179302;28.150682;,
  -36.462035;88.479597;6.089786;,
  -42.109894;100.121350;6.024680;,
  -47.346678;111.277466;2.642841;,
  -48.442093;114.946445;-1.683804;,
  -46.438000;126.849011;11.447282;,
  -32.229350;132.971981;25.428074;,
  -39.254435;88.783398;-2.119421;,
  -43.674771;97.028090;-4.517464;,
  -48.341942;106.852141;-10.114935;,
  -52.560634;115.111475;-19.541074;,
  -53.407773;122.736013;-13.549477;,
  -56.579251;130.991450;-6.546651;,
  -41.361200;95.736909;-9.979645;,
  -40.019533;91.068346;-6.161566;,
  -43.826662;96.732467;-8.283478;,
  -47.082614;102.348390;-13.693994;,
  -49.157386;104.654624;-15.757414;,
  -50.882675;110.261235;-20.948678;,
  -50.456854;110.608166;-22.336166;,
  -47.467238;104.770912;-24.067621;,
  -46.136205;102.417376;-21.709446;,
  -48.750192;112.594355;-22.123082;,
  -46.293389;104.742643;-26.256507;,
  -51.243869;114.037299;-18.347459;,
  -44.654515;101.815981;-24.027554;,
  -44.608714;100.137338;-13.707083;,
  -40.974634;98.379770;-13.403641;,
  -41.651216;103.877235;-27.660614;,
  -43.568666;107.923853;-28.585856;,
  -47.141178;113.559706;-28.349872;,
  -49.897930;115.287603;-23.871693;,
  -50.916579;127.544576;-38.013546;,
  -53.508256;131.718694;-33.444835;,
  -38.340144;104.363021;-36.048189;,
  -43.957885;112.887936;-33.619827;,
  -43.320717;121.887309;-42.667699;,
  -47.933904;124.519667;-39.427398;,
  -39.874496;132.019072;-57.541094;,
  -42.784675;141.103923;-57.075648;,
  -50.890186;138.667878;-44.748816;,
  -46.211696;152.057280;-53.500131;,
  -34.942835;149.382387;-55.330432;,
  -34.546464;161.115994;-51.136429;,
  -55.059270;137.309786;-37.825258;,
  -53.430218;152.112397;-45.375494;,
  -46.665555;161.286925;-48.191853;,
  -35.779920;168.627226;-47.409443;,
  -58.549197;132.901491;-26.954371;,
  -60.061562;135.288691;-28.393843;,
  -58.432339;139.975398;-37.226768;,
  -54.647398;166.193242;-40.941894;,
  -46.064755;170.067571;-41.483674;,
  -35.430173;177.693414;-41.420982;,
  -22.889682;187.341914;-45.859936;,
  -68.711091;123.624051;-18.630608;,
  -60.875923;128.948749;-24.912968;,
  -57.894944;119.828570;-21.668954;,
  -68.739827;138.737856;-21.978542;,
  -64.063616;144.934451;-27.726646;,
  -61.403360;149.492582;-36.057728;,
  -53.283622;175.805542;-33.068003;,
  -43.216378;181.459994;-32.012221;,
  -16.215523;197.974822;-23.937290;,
  -31.260358;192.047731;-35.694880;,
  7.279558;196.273126;-16.245339;,
  5.301180;187.782989;0.371212;,
  20.455898;189.106534;-5.879784;,
  -5.744234;188.693389;2.901606;,
  -10.381490;197.130368;-10.779724;,
  -37.227427;189.920499;-19.522659;,
  -50.417363;182.534541;-19.242069;,
  -61.986387;154.443238;-31.877517;,
  -65.369766;149.538483;-22.251190;,
  -69.510246;106.720128;-13.643611;,
  -69.376787;124.142541;-13.845619;,
  -68.481043;139.398349;-13.422592;,
  -64.259194;146.690944;-11.629680;,
  -59.108666;158.351501;-9.553397;,
  -61.576922;159.715021;-21.709949;,
  -39.861328;177.501619;3.498448;,
  -22.100318;171.021542;16.130360;,
  -23.469454;183.887782;5.978330;,
  -37.219200;166.101658;12.306149;,
  -55.253862;155.738957;5.573393;,
  -61.345626;138.869965;-5.158718;,
  -61.686509;131.615168;-8.210906;,
  -61.601050;123.167334;-8.597234;,
  -51.232272;146.683507;11.161278;,
  -34.552525;150.593139;20.024106;,
  -20.587062;152.227930;26.841251;,
  -5.497261;172.306765;13.154589;,
  -2.980748;153.056371;25.012840;,
  10.142559;153.107635;23.395810;,
  2.510605;171.185907;11.528275;,
  -1.556271;135.261018;28.952662;,
  -1.556271;135.261018;28.952662;,
  15.528706;135.560819;28.316928;,
  20.999666;135.832922;19.639944;,
  17.561168;153.158874;13.737522;,
  8.571078;170.065062;1.860706;,
  22.697923;152.871424;19.737602;,
  18.946421;169.126285;8.193002;,
  -31.828045;191.761165;-6.517674;,
  -44.923174;184.440525;-6.481527;,
  -12.618562;48.063946;-20.659542;,
  -22.240667;48.357430;-18.107541;,
  -1.238039;39.946406;-25.275296;,
  10.835676;34.305094;-24.862579;,
  -2.262209;33.655549;-23.702869;,
  -15.992862;37.788563;-30.589418;,
  -24.934366;44.684630;-22.531106;,
  -26.636429;48.533446;-12.653434;,
  -23.294069;37.540218;-37.435955;,
  -25.558448;28.693152;-37.076582;,
  -20.402526;30.558650;-34.289690;,
  -13.560181;30.344870;-28.024957;,
  -2.728203;28.951699;-14.910382;,
  9.030654;29.654998;-18.039291;,
  19.867782;29.845046;-24.063426;,
  10.715893;27.614093;-7.719761;,
  -19.710402;29.195363;-19.814632;,
  22.204389;35.269674;-31.067293;,
  27.593840;31.350118;-28.926342;,
  32.338070;33.769130;-32.824125;,
  30.505466;34.093392;-23.807472;,
  25.450774;30.884208;-16.226734;,
  21.793037;29.778803;-1.087063;,
  12.657912;26.695843;1.798566;,
  15.208310;27.506957;13.196001;,
  10.696068;27.358352;19.508547;,
  27.670323;28.287181;22.890467;,
  30.665027;38.511850;-21.461808;,
  30.810170;30.645174;17.702446;,
  35.269677;38.680448;-28.991222;,
  26.800874;42.970682;-20.312846;,
  21.703816;36.258339;9.561104;,
  30.720624;34.946320;17.781701;,
  23.061544;30.227427;9.600854;,
  29.077338;37.836496;-12.304793;,
  23.500882;37.087680;-1.091028;,
  23.501549;43.626323;0.619963;,
  22.667797;42.048432;10.895894;,
  21.623166;49.549725;1.961512;,
  22.064200;48.980710;16.133123;,
  20.627392;56.916390;2.912570;,
  21.355830;58.463066;14.463557;,
  26.172970;43.360163;-9.834077;,
  22.937990;48.266358;-8.727730;,
  20.817210;54.687091;-8.888327;,
  23.539738;47.342262;-19.006950;,
  18.876861;52.285952;-17.100125;,
  21.601576;47.801798;-24.845661;,
  17.246859;46.694160;-24.249619;,
  27.902742;45.460320;-31.883754;,
  21.560586;68.646291;13.100346;,
  21.941738;64.479942;2.525722;,
  25.537229;43.175827;-34.960310;,
  32.425424;44.970845;-40.977286;,
  32.799629;40.674154;-40.735350;,
  35.753622;41.435027;-44.395645;,
  37.557587;45.201210;-45.853462;,
  39.219101;38.977395;-48.051520;,
  35.220051;46.707984;-39.172512;,
  10.985929;40.225165;-26.506078;,
  17.339595;41.352179;-29.102275;,
  28.297386;37.865434;-34.812163;,
  40.989350;46.535117;-44.834893;,
  43.211824;44.946614;-41.442512;,
  38.284237;45.567178;-36.962349;,
  31.938445;43.700074;-30.500848;,
  42.922733;22.793408;-51.633232;,
  47.113152;28.601738;-51.134288;,
  47.311773;22.800162;-50.492339;,
  49.450272;28.601718;-46.932640;,
  49.078419;34.792832;-47.024637;,
  46.784250;34.981200;-51.134947;,
  47.402080;41.860010;-46.074701;,
  45.566742;43.111053;-49.557574;,
  42.081680;41.160157;-50.856979;,
  50.110387;16.974990;-45.519702;,
  49.673094;22.795410;-46.239517;,
  42.494829;34.157174;-52.380608;,
  42.759498;28.601645;-52.312976;,
  40.109974;22.796581;-49.178394;,
  43.256496;16.972368;-51.117408;,
  40.436963;16.972018;-48.578358;,
  39.916099;28.601533;-49.817184;,
  39.596077;33.127651;-49.811693;,
  49.954659;1.156341;-50.143789;,
  46.347830;0.083806;-44.650150;,
  44.242237;1.157295;-50.994086;,
  40.584739;1.156813;-47.422886;,
  40.247222;3.685874;-47.272275;,
  44.144061;3.686309;-51.079469;,
  41.048765;5.255198;-47.113152;,
  44.505434;5.255518;-50.492518;,
  40.837296;10.420806;-47.610342;,
  43.729965;10.421176;-50.419370;,
  50.193405;3.685280;-50.179562;,
  49.835174;5.254535;-49.700141;,
  48.364342;10.420715;-49.422784;,
  47.740963;16.958926;-50.039002;,
  50.714509;10.419636;-44.371834;,
  52.788678;5.252489;-43.644733;,
  53.705562;3.682842;-43.301501;,
  53.405389;1.153974;-43.644688;,
  46.953734;24.256118;-18.758170;,
  48.028496;24.688675;-20.499800;,
  46.525494;24.485275;-20.528845;,
  48.581299;24.316971;-18.460653;,
  51.047555;26.376480;-20.563726;,
  52.019395;25.734482;-17.478590;,
  48.269302;21.427278;-18.195158;,
  52.475165;21.810075;-17.237685;,
  46.347331;21.397310;-18.451773;,
  45.013994;22.830218;-19.948618;,
  46.056563;23.294253;-21.194354;,
  47.684787;23.384066;-21.465490;,
  50.993645;24.536102;-22.244021;,
  45.656512;20.496829;-19.672877;,
  44.935088;21.749651;-19.817606;,
  45.764797;21.007677;-21.309709;,
  54.116128;26.157430;-20.679005;,
  55.122426;24.496694;-22.482971;,
  56.779437;28.893626;-22.538000;,
  55.049862;25.712179;-17.720005;,
  54.674528;29.642986;-20.255637;,
  55.725306;32.309306;-20.276152;,
  58.125786;31.611750;-23.507123;,
  59.682067;34.572090;-23.626698;,
  56.655424;38.834061;-19.874629;,
  60.585293;39.710013;-24.386494;,
  56.945619;34.305808;-20.154392;,
  56.437382;31.496563;-15.674680;,
  55.756461;28.849546;-15.919523;,
  56.984122;22.804528;-17.518685;,
  55.686963;41.322278;-10.899407;,
  56.723507;37.135395;-11.363742;,
  57.484390;33.377347;-12.052046;,
  60.202720;30.856000;-13.189203;,
  57.646374;29.667050;-15.079027;,
  58.865555;26.029034;-16.323118;,
  60.723002;29.480093;-9.510418;,
  59.323162;36.834758;-1.364841;,
  59.623680;32.926288;-2.027194;,
  58.583763;30.650883;-6.915323;,
  57.528346;28.785338;-6.085785;,
  58.869376;27.677658;-7.263148;,
  57.063994;24.716779;-6.487938;,
  56.553408;26.107435;-5.559216;,
  53.571872;23.943282;-5.308255;,
  53.758528;22.809766;-4.965845;,
  53.571392;25.037138;-4.693054;,
  50.655277;24.975066;-2.243116;,
  53.891008;25.055144;-2.801050;,
  56.744416;25.813848;-3.143471;,
  58.296122;28.751722;-3.144104;,
  59.437376;30.610637;-2.448769;,
  63.558970;32.959395;-1.172689;,
  62.793939;37.579370;-0.587198;,
  62.688781;30.174365;-1.322298;,
  60.208646;27.535293;-2.138865;,
  57.879174;24.448034;-1.838055;,
  54.098234;23.696776;-1.844971;,
  50.861888;23.337797;-1.058459;,
  50.397664;23.587797;-5.339851;,
  50.199030;24.824995;-4.516994;,
  47.824550;23.506254;-4.017342;,
  47.614026;24.083602;-3.557738;,
  47.592976;23.263365;-2.339763;,
  48.018154;24.281110;-2.433091;,
  50.861888;23.337797;-1.058459;,
  53.891008;25.055144;-2.801050;,
  47.777302;22.624693;-2.410924;,
  47.699376;22.802000;-3.785257;,
  50.399462;22.205336;-4.904002;,
  53.758528;22.809766;-4.965845;,
  50.397664;23.587797;-5.339851;,
  53.571872;23.943282;-5.308255;,
  50.399462;22.205336;-4.904002;,
  57.889024;23.350394;-6.041870;,
  54.171821;22.358915;-2.933425;,
  50.734890;21.752531;-2.321228;,
  47.699376;22.802000;-3.785257;,
  47.777302;22.624693;-2.410924;,
  47.592976;23.263365;-2.339763;,
  50.861888;23.337797;-1.058459;,
  54.098234;23.696776;-1.844971;,
  58.761306;22.892882;-3.399587;,
  60.873594;24.718150;-18.428686;,
  63.106848;29.960202;-20.819522;,
  62.863802;28.927075;-17.004918;,
  66.306554;33.378026;-15.984798;,
  63.660378;30.639130;-13.532846;,
  65.161082;30.091453;-4.246398;,
  63.404685;29.269194;-8.522863;,
  61.639501;26.217222;-3.982496;,
  60.440352;26.405470;-6.808274;,
  66.789101;34.228659;-3.224062;,
  57.879174;24.448034;-1.838055;,
  60.208646;27.535293;-2.138865;,
  62.688781;30.174365;-1.322298;,
  63.558970;32.959395;-1.172689;,
  62.793939;37.579370;-0.587198;,
  65.067590;41.398221;-3.436944;,
  62.962950;41.730602;-0.157041;,
  62.241830;46.962765;-0.378501;,
  65.356787;47.100720;-3.409898;,
  62.289363;50.777722;-1.541875;,
  65.234656;50.714499;-4.424579;,
  65.228525;53.431245;-5.368211;,
  64.649984;51.561424;-13.893819;,
  64.327002;54.064224;-13.252317;,
  61.439853;52.652797;-20.199096;,
  58.676544;54.804442;-17.376995;,
  64.086739;56.700646;-12.569228;,
  66.252736;42.159680;-14.520741;,
  65.616979;47.729504;-13.982232;,
  63.021677;48.808106;-22.422938;,
  57.647379;51.041882;-22.644339;,
  55.727008;48.770016;-26.906032;,
  63.270547;44.917626;-22.117555;,
  60.585293;39.710013;-24.386494;,
  61.428307;42.939955;-25.443669;,
  59.090464;47.129386;-27.386592;,
  54.803885;39.378928;-29.833875;,
  57.212570;38.453155;-27.206298;,
  56.331565;40.386992;-22.145392;,
  51.830957;40.522419;-29.434838;,
  49.590998;35.300458;-27.573363;,
  51.541331;34.026710;-28.072406;,
  53.430294;33.718134;-26.213680;,
  53.149821;34.825693;-23.524514;,
  55.500141;38.910474;-23.366686;,
  57.646374;29.667050;-15.079027;,
  58.865555;26.029034;-16.323118;,
  60.511315;28.048170;-15.640230;,
  60.202720;30.856000;-13.189203;,
  60.723002;29.480093;-9.510418;,
  58.869376;27.677658;-7.263148;,
  57.063994;24.716779;-6.487938;,
  47.684787;23.384066;-21.465490;,
  45.764797;21.007677;-21.309709;,
  46.056563;23.294253;-21.194354;,
  47.507216;20.928866;-21.484254;,
  47.570093;20.388582;-19.566053;,
  51.389603;21.069552;-22.249670;,
  51.735459;20.248904;-19.326429;,
  56.516314;21.944595;-22.271053;,
  57.040659;21.394448;-19.450558;,
  60.168730;25.905926;-21.537802;,
  45.656512;20.496829;-19.672877;,
  44.935088;21.749651;-19.817606;,
  46.347331;21.397310;-18.451773;,
  48.269302;21.427278;-18.195158;,
  52.475165;21.810075;-17.237685;,
  56.984122;22.804528;-17.518685;,
  -60.875923;128.948749;-24.912968;,
  -59.998304;128.164826;-24.218277;,
  -57.894944;119.828570;-21.668954;,
  -58.549197;132.901491;-26.954371;,
  -60.061562;135.288691;-28.393843;,
  -57.463373;131.500006;-25.047565;,
  -59.414413;127.754112;-23.352837;,
  -53.450752;119.167232;-13.149507;,
  -60.332915;105.600211;-17.530477;,
  -56.436954;105.287795;-11.657469;,
  -60.309645;89.798387;-17.567470;,
  -56.031155;88.904595;-9.700722;,
  -61.372397;73.177850;-18.399707;,
  -58.071507;123.880986;-14.954914;,
  -53.407773;122.736013;-13.549477;,
  -58.243930;62.525421;-14.131005;,
  -60.318733;63.115072;-19.786160;,
  -58.535360;72.082771;-12.665044;,
  -63.305965;72.184723;-10.838847;,
  -63.209453;87.797734;-8.274467;,
  -64.295110;106.001344;-7.583365;,
  -61.601050;123.167334;-8.597234;,
  -58.085190;60.134848;-14.439302;,
  -61.798400;61.897619;-10.017738;,
  -61.780563;59.342394;-9.747534;,
  -60.830061;45.850861;-2.904635;,
  -65.840902;51.530813;-5.903631;,
  -66.319194;45.988144;-3.024510;,
  -60.677222;51.501283;-7.160535;,
  -64.316352;56.029402;-9.333472;,
  -60.254099;56.887213;-9.072474;,
  -57.204864;57.676826;-14.684528;,
  -60.266618;60.783136;-21.370650;,
  -57.602682;56.194848;-28.217760;,
  -59.875034;58.046323;-23.088787;,
  -62.546067;58.075302;-24.278312;,
  -60.801344;40.941498;-5.619606;,
  -56.602426;45.630403;-14.252970;,
  -56.095802;51.735946;-14.884534;,
  -54.256806;54.280672;-23.947590;,
  -52.378259;52.177536;-28.856051;,
  -54.716787;53.979821;-32.894746;,
  -51.191411;46.389770;-34.486275;,
  -51.342806;46.603059;-31.934275;,
  -48.844669;42.021958;-33.660400;,
  -54.730790;50.838166;-20.897243;,
  -54.693952;48.205674;-25.067989;,
  -53.259846;45.595962;-29.097354;,
  -55.610061;44.757392;-28.373091;,
  -54.908269;44.084365;-29.576259;,
  -55.939443;41.432954;-25.063322;,
  -58.144877;40.412941;-14.407499;,
  -62.778886;34.687056;-7.914078;,
  -60.575213;39.161821;-5.515606;,
  -62.306170;35.300566;-6.378552;,
  -62.190560;34.685594;-3.786494;,
  -55.822240;43.543610;-33.285958;,
  -60.279130;45.688701;-32.413754;,
  -59.935424;42.344406;-30.964717;,
  -59.164909;37.923251;-31.730957;,
  -56.549722;36.108966;-25.435707;,
  -59.830771;35.876870;-17.053829;,
  -59.640666;33.554989;-14.106634;,
  -61.460013;32.015194;-8.727803;,
  -66.993171;34.609360;-7.577280;,
  -65.893152;31.027126;-8.019549;,
  -64.994829;28.162426;-8.459360;,
  -65.245574;35.671971;-6.906757;,
  -58.865606;30.857526;-13.995195;,
  -61.040256;29.860730;-9.203496;,
  -61.841568;32.859651;-17.410312;,
  -57.351968;32.557158;-19.956520;,
  -56.017018;32.579558;-25.170320;,
  -55.464877;33.498842;-28.456576;,
  -56.413709;30.040186;-25.104973;,
  -58.093632;28.855530;-27.906749;,
  -62.931085;29.579299;-20.356011;,
  -59.289741;30.779862;-19.353333;,
  -58.338637;29.394400;-20.445240;,
  -54.468557;24.577482;-22.011749;,
  -53.178906;24.832899;-24.485070;,
  -50.716848;23.297438;-21.331347;,
  -49.458483;23.481504;-23.975179;,
  -47.209136;20.726058;-21.841002;,
  -61.258298;26.041611;-21.134766;,
  -56.104198;21.728590;-21.938104;,
  -52.020282;20.036710;-21.069384;,
  -47.588173;18.399061;-21.533421;,
  -45.559846;17.827864;-21.515578;,
  -53.727795;23.063338;-26.107506;,
  -49.677341;21.804838;-25.409960;,
  -46.528618;20.814330;-23.448250;,
  -45.414413;20.188902;-21.882696;,
  -43.711274;18.625456;-22.585234;,
  -43.950845;17.439528;-22.396240;,
  -44.708480;19.139021;-23.749926;,
  -44.946061;17.273893;-23.765720;,
  -45.104202;16.922971;-22.420016;,
  -46.450227;19.673627;-24.169050;,
  -44.883530;20.202437;-23.281035;,
  48.107571;127.388365;-11.721685;,
  53.118742;135.595494;-33.762038;,
  54.781325;133.757107;-29.309648;,
  56.081062;131.715674;-3.789532;,
  54.904077;134.417907;-1.624718;,
  48.443309;119.767232;-12.863338;,
  51.119958;131.987341;1.892262;,
  61.291456;141.444723;-3.480817;,
